[leftx, left y], [rightx, righty], [X, Y, Z]

Ball 1.
[908, 703], [629, 695], [1265, 479, 5032]
[901, 678], [638, 672], [1255, 510, 5152]
[894, 654], [648, 649], [1242, 538, 5283]
[885, 633], [655, 628], [1238, 560, 5411]
[877, 611], [664, 606], [1229, 584, 5550]
[870, 594], [672, 590], [1219, 595, 5677]
[862, 574], [671, 559], [1234, 665, 5748]
[861, 544], [668, 528], [1244, 783, 5746]
Ball 2.
[831, 513], [654, 498], [1317, 844, 5903]
[824, 498], [661, 482], [1311, 860, 6030]
[813, 468], [675, 456], [1294, 892, 6268]
[807, 457], [681, 443], [1288, 902, 6388]
[802, 444], [687, 433], [1280, 914, 6500]
[796, 432], [693, 422], [1273, 923, 6627]
[791, 423], [698, 413], [1267, 928, 6736]
[787, 414], [705, 402], [1255, 935, 6859]
[781, 405], [711, 393], [1247, 934, 6998]
[777, 396], [715, 386], [1242, 942, 7094]
[772, 389], [721, 380], [1232, 934, 7228]
[766, 382], [726, 373], [1227, 927, 7368]
[752, 363], [738, 358], [1211, 913, 7718]
Ball 3.
[940, 845], [518, 851], [1431, 430, 4151]
[930, 810], [530, 816], [1424, 472, 4282]
[921, 778], [541, 783], [1417, 513, 4406]
[911, 746], [554, 749], [1407, 549, 4550]
[901, 716], [564, 719], [1402, 586, 4681]
[884, 661], [586, 665], [1384, 650, 4946]
[874, 636], [595, 636], [1381, 684, 5083]
[867, 611], [604, 615], [1372, 715, 5202]
[860, 590], [614, 590], [1362, 745, 5331]
[851, 569], [622, 569], [1358, 768, 5465]
[844, 550], [631, 550], [1349, 789, 5594]
[836, 531], [638, 532], [1345, 811, 5721]
[828, 514], [646, 515], [1338, 825, 5859]
[823, 498], [654, 498], [1327, 848, 5976]
[815, 483], [660, 482], [1325, 864, 6106]
[810, 469], [667, 469], [1316, 880, 6220]
[803, 457], [672, 455], [1314, 893, 6339]
[797, 444], [680, 443], [1304, 900, 6481]
[790, 433], [687, 432], [1296, 900, 6628]
[785, 422], [692, 421], [1291, 913, 6737]
[780, 413], [698, 410], [1283, 919, 6861]
[776, 402], [704, 402], [1273, 927, 6976]
[771, 395], [709, 392], [1267, 931, 7095]
[766, 387], [714, 383], [1261, 934, 7218]
[762, 379], [719, 376], [1253, 937, 7332]
[756, 371], [725, 370], [1244, 927, 7488]
[752, 365], [729, 364], [1239, 926, 7595]
[748, 359], [733, 358], [1233, 926, 7706]
[744, 355], [738, 352], [1224, 917, 7834]

Ball 4.
[862, 1003], [403, 993], [1716.0, 93.0, 3875.0]
[852, 964], [415, 952], [1714.0, 143.0, 4008.0]
[841, 924], [425, 913], [1716.0, 196.0, 4138.0]
[852, 964], [415, 952], [1714.0, 143.0, 4008.0]
[862, 1003], [403, 993], [1716.0, 93.0, 3875.0]
[862, 1003], [403, 993], [1716.0, 93.0, 3875.0]
[852, 964], [415, 952], [1714.0, 143.0, 4008.0]
[841, 924], [425, 913], [1716.0, 196.0, 4138.0]
[831, 885], [434, 874], [1718.0, 255.0, 4262.0]
[822, 850], [445, 838], [1716.0, 303.0, 4391.0]
[822, 850], [445, 838], [1716.0, 303.0, 4391.0]
[811, 814], [456, 805], [1716.0, 343.0, 4534.0]
[803, 786], [463, 773], [1718.0, 392.0, 4639.0]
[793, 751], [473, 740], [1719.0, 440.0, 4778.0]
[783, 722], [482, 711], [1721.0, 476.0, 4912.0]
[776, 693], [493, 683], [1715.0, 515.0, 5044.0]
[766, 667], [501, 657], [1719.0, 548.0, 5179.0]
[757, 640], [507, 629], [1725.0, 596.0, 5298.0]
[751, 618], [515, 607], [1722.0, 629.0, 5410.0]
[744, 594], [524, 585], [1719.0, 661.0, 5541.0]
[735, 574], [532, 565], [1721.0, 680.0, 5683.0]
[729, 555], [537, 543], [1724.0, 721.0, 5781.0]
Impact now, changing direction
[722, 538], [546, 527], [1720.0, 732.0, 5922.0]
[716, 491], [545, 496], [1732.0, 864.0, 5980.0]
[709, 432], [542, 435], [1750.0, 1078.0, 6037.0]
[701, 373], [537, 375], [1774.0, 1293.0, 6083.0]
[693, 315], [533, 319], [1796.0, 1496.0, 6134.0]
[685, 261], [530, 262], [1816.0, 1693.0, 6192.0]
[677, 206], [528, 221], [1833.0, 1862.0, 6256.0]
[671, 170], [525, 170], [1852.0, 2020.0, 6292.0]
[662, 121], [521, 121], [1876.0, 2198.0, 6346.0]
[655, 76], [519, 76], [1894.0, 2363.0, 6398.0]
[646, 31], [516, 32], [1917.0, 2528.0, 6459.0]

Ball 5.
[858, 758], [540, 758], [1504.0, 395.0, 4775.0]
[858, 758], [540, 758], [1504.0, 395.0, 4775.0]
[849, 733], [549, 729], [1501.0, 427.0, 4903.0]
[839, 706], [559, 704], [1497.0, 451.0, 5047.0]
[831, 682], [568, 678], [1493.0, 482.0, 5176.0]
[822, 658], [576, 654], [1491.0, 511.0, 5308.0]
[814, 635], [584, 633], [1488.0, 536.0, 5436.0]
[806, 616], [593, 611], [1483.0, 555.0, 5576.0]
[797, 598], [601, 594], [1481.0, 562.0, 5720.0]
Impact now, changing direction
[790, 574], [603, 569], [1488.0, 624.0, 5806.0]
[788, 544], [600, 537], [1498.0, 742.0, 5812.0]
[785, 511], [596, 506], [1512.0, 863.0, 5818.0]
[781, 482], [593, 475], [1525.0, 970.0, 5839.0]
[778, 454], [590, 446], [1537.0, 1074.0, 5851.0]
[774, 423], [587, 415], [1549.0, 1184.0, 5871.0]
[771, 395], [583, 385], [1563.0, 1291.0, 5874.0]
[767, 365], [580, 357], [1575.0, 1393.0, 5892.0]
[762, 336], [578, 328], [1587.0, 1491.0, 5926.0]
[760, 308], [574, 296], [1599.0, 1602.0, 5919.0]
[755, 279], [571, 269], [1613.0, 1698.0, 5943.0]
[751, 252], [569, 240], [1624.0, 1795.0, 5967.0]
[747, 224], [566, 213], [1636.0, 1892.0, 5982.0]
[744, 198], [564, 188], [1645.0, 1981.0, 5996.0]
[740, 172], [561, 161], [1657.0, 2075.0, 6011.0]
[738, 146], [558, 135], [1666.0, 2169.0, 6008.0]
[732, 122], [554, 111], [1684.0, 2252.0, 6029.0]
[730, 97], [552, 87], [1691.0, 2340.0, 6033.0]
[726, 76], [550, 64], [1701.0, 2417.0, 6054.0]
[722, 51], [547, 42], [1713.0, 2500.0, 6065.0]
[718, 28], [546, 22], [1722.0, 2575.0, 6094.0]
